round 1
calcG1
calcG2
col1:
   x1  x2  x3  x4  x5  x6  x7  x8  x9  x10  x11  x12  x13  x14  x15  x16
0   1   1   1   1   1   1   1   1   1    1    1    1    1    1    1    1
1   0   0   0   0   0   0   0   0   0    0    0    0    0    0    0    0
2   1   1   1   1   1   1   1   1   1    1    1    0    1    1    1    1
3   1   1   0   0   1   1   1   1   1    1    1    1    1    1    1    1
4   1   1   1   1   1   1   1   1   1    1    1    1    1    1    1    1
G small
x6=1  49916 / 100000 = 0.49916
x6=1 | x16=0 5222 / 50139 = 0.10415046171642833
x6=1 | x16=0, x1=0 1050 / 44025 = 0.02385008517887564
x6=1 | x16=0, x1=0, x15=0 796 / 42467 = 0.018743965902936397
round 2
calcG1
calcG2
col1:
   x1  x2  x3  x4  x5  x6  x7  x8  x9  x10  x11  x12  x13  x14  x15  x16
0   1   1   1   1   1   1   1   1   1    1    1    1    1    1    1    1
1   1   1   1   1   1   1   1   1   1    1    1    1    1    1    1    1
2   0   0   0   0   0   0   0   0   0    0    0    0    0    0    0    0
3   0   0   1   1   0   0   1   1   0    0    0    1    0    0    0    1
4   0   0   0   0   0   0   0   0   0    0    0    0    0    0    0    0
G small
x6=1  49672 / 100000 = 0.49672
x6=1 | x16=0 5188 / 50218 = 0.10330957027360707
x6=1 | x16=0, x1=0 1053 / 44125 = 0.02386402266288952
x6=1 | x16=0, x1=0, x15=0 785 / 42583 = 0.01843458657210624
round 3
calcG1
calcG2
col1:
   x1  x2  x3  x4  x5  x6  x7  x8  x9  x10  x11  x12  x13  x14  x15  x16
0   0   0   0   0   0   0   0   0   0    0    0    1    0    0    0    0
1   0   0   0   0   0   0   0   0   1    0    0    0    0    0    0    0
2   0   0   1   1   0   0   1   1   0    0    0    1    0    0    0    1
3   0   0   0   0   0   0   0   0   0    0    0    0    0    0    0    0
4   1   1   1   1   0   0   0   0   0    0    0    0    0    0    0    0
G small
x6=1  50125 / 100000 = 0.50125
x6=1 | x16=0 5237 / 49978 = 0.1047861058865901
x6=1 | x16=0, x1=0 1054 / 43926 = 0.023994900514501663
x6=1 | x16=0, x1=0, x15=0 809 / 42427 = 0.019068046291276782
round 4
calcG1
calcG2
col1:
   x1  x2  x3  x4  x5  x6  x7  x8  x9  x10  x11  x12  x13  x14  x15  x16
0   1   1   1   1   1   1   1   1   1    1    1    1    1    1    1    1
1   1   1   1   1   1   1   1   1   1    1    1    1    1    1    1    1
2   0   0   0   0   0   0   0   0   0    0    0    0    0    0    0    0
3   0   0   0   0   0   0   0   0   0    0    0    0    0    0    0    0
4   0   0   0   0   1   1   1   1   1    1    1    1    1    1    1    1
G small
x6=1  50013 / 100000 = 0.50013
x6=1 | x16=0 5133 / 49941 = 0.10278128191265694
x6=1 | x16=0, x1=0 1002 / 43880 = 0.02283500455788514
x6=1 | x16=0, x1=0, x15=0 732 / 42371 = 0.01727596705293715
round 5
calcG1
calcG2
col1:
   x1  x2  x3  x4  x5  x6  x7  x8  x9  x10  x11  x12  x13  x14  x15  x16
0   1   1   1   0   1   1   1   0   1    1    1    0    1    1    1    0
1   1   1   1   1   1   1   1   0   0    0    0    0    0    0    0    0
2   1   1   1   1   1   1   1   1   1    1    1    1    1    1    1    1
3   0   0   0   0   0   0   0   0   0    0    0    0    0    0    0    0
4   0   0   0   0   0   0   0   0   0    0    0    0    0    0    0    0
G small
x6=1  49926 / 100000 = 0.49926
x6=1 | x16=0 5237 / 50208 = 0.10430608667941364
x6=1 | x16=0, x1=0 1055 / 44119 = 0.023912600013599582
x6=1 | x16=0, x1=0, x15=0 793 / 42528 = 0.018646538750940557
